# Time-averaged data for fix frdf
# TimeStep Number-of-rows
# Row c_Rdf[1] c_Rdf[2] c_Rdf[3]
0 200
1 0.0125 0 0
2 0.0375 0 0
3 0.0625 0 0
4 0.0875 0 0
5 0.1125 0 0
6 0.1375 0 0
7 0.1625 0 0
8 0.1875 0 0
9 0.2125 0 0
10 0.2375 0 0
11 0.2625 0 0
12 0.2875 0 0
13 0.3125 0 0
14 0.3375 0 0
15 0.3625 0 0
16 0.3875 0 0
17 0.4125 0 0
18 0.4375 0 0
19 0.4625 0 0
20 0.4875 0 0
21 0.5125 0 0
22 0.5375 0 0
23 0.5625 0 0
24 0.5875 0 0
25 0.6125 0 0
26 0.6375 0 0
27 0.6625 0 0
28 0.6875 0 0
29 0.7125 0 0
30 0.7375 0 0
31 0.7625 0 0
32 0.7875 0 0
33 0.8125 0 0
34 0.8375 0 0
35 0.8625 0 0
36 0.8875 0 0
37 0.9125 0 0
38 0.9375 0 0
39 0.9625 0 0
40 0.9875 0 0
41 1.0125 0 0
42 1.0375 0 0
43 1.0625 0 0
44 1.0875 0 0
45 1.1125 0 0
46 1.1375 0 0
47 1.1625 0 0
48 1.1875 0 0
49 1.2125 0 0
50 1.2375 0 0
51 1.2625 0 0
52 1.2875 0 0
53 1.3125 0 0
54 1.3375 0 0
55 1.3625 0 0
56 1.3875 0 0
57 1.4125 0 0
58 1.4375 0 0
59 1.4625 0 0
60 1.4875 0 0
61 1.5125 0 0
62 1.5375 0 0
63 1.5625 0 0
64 1.5875 0 0
65 1.6125 0 0
66 1.6375 0 0
67 1.6625 0 0
68 1.6875 0 0
69 1.7125 0 0
70 1.7375 0 0
71 1.7625 0 0
72 1.7875 0 0
73 1.8125 0 0
74 1.8375 0 0
75 1.8625 0 0
76 1.8875 0 0
77 1.9125 0 0
78 1.9375 0 0
79 1.9625 0 0
80 1.9875 0 0
81 2.0125 0 0
82 2.0375 0 0
83 2.0625 0 0
84 2.0875 0 0
85 2.1125 0 0
86 2.1375 0 0
87 2.1625 0 0
88 2.1875 0 0
89 2.2125 0 0
90 2.2375 0 0
91 2.2625 0 0
92 2.2875 0 0
93 2.3125 0 0
94 2.3375 0 0
95 2.3625 0 0
96 2.3875 0 0
97 2.4125 0 0
98 2.4375 0 0
99 2.4625 0 0
100 2.4875 0 0
101 2.5125 0 0
102 2.5375 0 0
103 2.5625 68.839 12
104 2.5875 0 12
105 2.6125 0 12
106 2.6375 0 12
107 2.6625 0 12
108 2.6875 0 12
109 2.7125 0 12
110 2.7375 0 12
111 2.7625 0 12
112 2.7875 0 12
113 2.8125 0 12
114 2.8375 0 12
115 2.8625 0 12
116 2.8875 0 12
117 2.9125 0 12
118 2.9375 0 12
119 2.9625 0 12
120 2.9875 0 12
121 3.0125 0 12
122 3.0375 0 12
123 3.0625 0 12
124 3.0875 0 12
125 3.1125 0 12
126 3.1375 0 12
127 3.1625 0 12
128 3.1875 0 12
129 3.2125 0 12
130 3.2375 0 12
131 3.2625 0 12
132 3.2875 0 12
133 3.3125 0 12
134 3.3375 0 12
135 3.3625 0 12
136 3.3875 0 12
137 3.4125 0 12
138 3.4375 0 12
139 3.4625 0 12
140 3.4875 0 12
141 3.5125 0 12
142 3.5375 0 12
143 3.5625 0 12
144 3.5875 0 12
145 3.6125 17.3188 18
146 3.6375 0 18
147 3.6625 0 18
148 3.6875 0 18
149 3.7125 0 18
150 3.7375 0 18
151 3.7625 0 18
152 3.7875 0 18
153 3.8125 0 18
154 3.8375 0 18
155 3.8625 0 18
156 3.8875 0 18
157 3.9125 0 18
158 3.9375 0 18
159 3.9625 0 18
160 3.9875 0 18
161 4.0125 0 18
162 4.0375 0 18
163 4.0625 0 18
164 4.0875 0 18
165 4.1125 0 18
166 4.1375 0 18
167 4.1625 0 18
168 4.1875 0 18
169 4.2125 0 18
170 4.2375 0 18
171 4.2625 0 18
172 4.2875 0 18
173 4.3125 0 18
174 4.3375 0 18
175 4.3625 0 18
176 4.3875 0 18
177 4.4125 0 18
178 4.4375 45.9111 42
179 4.4625 0 42
180 4.4875 0 42
181 4.5125 0 42
182 4.5375 0 42
183 4.5625 0 42
184 4.5875 0 42
185 4.6125 0 42
186 4.6375 0 42
187 4.6625 0 42
188 4.6875 0 42
189 4.7125 0 42
190 4.7375 0 42
191 4.7625 0 42
192 4.7875 0 42
193 4.8125 0 42
194 4.8375 0 42
195 4.8625 0 42
196 4.8875 0 42
197 4.9125 0 42
198 4.9375 0 42
199 4.9625 0 42
200 4.9875 0 42
265000 200
1 0.0125 0 0
2 0.0375 0 0
3 0.0625 0 0
4 0.0875 0 0
5 0.1125 0 0
6 0.1375 0 0
7 0.1625 0 0
8 0.1875 0 0
9 0.2125 0 0
10 0.2375 0 0
11 0.2625 0 0
12 0.2875 0 0
13 0.3125 0 0
14 0.3375 0 0
15 0.3625 0 0
16 0.3875 0 0
17 0.4125 0 0
18 0.4375 0 0
19 0.4625 0 0
20 0.4875 0 0
21 0.5125 0 0
22 0.5375 0 0
23 0.5625 0 0
24 0.5875 0 0
25 0.6125 0 0
26 0.6375 0 0
27 0.6625 0 0
28 0.6875 0 0
29 0.7125 0 0
30 0.7375 0 0
31 0.7625 0 0
32 0.7875 0 0
33 0.8125 0 0
34 0.8375 0 0
35 0.8625 0 0
36 0.8875 0 0
37 0.9125 0 0
38 0.9375 0 0
39 0.9625 0 0
40 0.9875 0 0
41 1.0125 0 0
42 1.0375 0 0
43 1.0625 0 0
44 1.0875 0 0
45 1.1125 0 0
46 1.1375 0 0
47 1.1625 0 0
48 1.1875 0 0
49 1.2125 0 0
50 1.2375 0 0
51 1.2625 0 0
52 1.2875 0 0
53 1.3125 0 0
54 1.3375 0 0
55 1.3625 0 0
56 1.3875 0 0
57 1.4125 0 0
58 1.4375 0 0
59 1.4625 0 0
60 1.4875 0 0
61 1.5125 0 0
62 1.5375 0 0
63 1.5625 0 0
64 1.5875 0 0
65 1.6125 0 0
66 1.6375 0 0
67 1.6625 0 0
68 1.6875 0 0
69 1.7125 0 0
70 1.7375 0 0
71 1.7625 0 0
72 1.7875 0 0
73 1.8125 0 0
74 1.8375 0 0
75 1.8625 0 0
76 1.8875 0 0
77 1.9125 0 0
78 1.9375 0 0
79 1.9625 0 0
80 1.9875 0 0
81 2.0125 0 0
82 2.0375 0 0
83 2.0625 0 0
84 2.0875 0 0
85 2.1125 0.0355173 0.004
86 2.1375 0.0346914 0.008
87 2.1625 0.0338939 0.012
88 2.1875 0.198742 0.036
89 2.2125 0.0647586 0.044
90 2.2375 0.253278 0.076
91 2.2625 0.371568 0.124
92 2.2875 0.878436 0.24
93 2.3125 0.889186 0.36
94 2.3375 1.59549 0.58
95 2.3625 1.98788 0.86
96 2.3875 1.97427 1.144
97 2.4125 3.1046 1.6
98 2.4375 2.90785 2.036
99 2.4625 3.68555 2.6
100 2.4875 3.53499 3.152
101 2.5125 4.31869 3.84
102 2.5375 3.914 4.476
103 2.5625 4.44146 5.212
104 2.5875 3.88256 5.868
105 2.6125 3.85506 6.532
106 2.6375 3.03042 7.064
107 2.6625 3.75635 7.736
108 2.6875 3.51123 8.376
109 2.7125 2.77898 8.892
110 2.7375 2.55925 9.376
111 2.7625 1.93159 9.748
112 2.7875 1.61151 10.064
113 2.8125 1.4828 10.36
114 2.8375 1.2993 10.624
115 2.8625 1.43145 10.92
116 2.8875 0.87448 11.104
117 2.9125 0.597935 11.232
118 2.9375 0.936808 11.436
119 2.9625 0.704343 11.592
120 2.9875 0.58605 11.724
121 3.0125 0.541432 11.848
122 3.0375 0.515377 11.968
123 3.0625 0.456297 12.076
124 3.0875 0.482193 12.192
125 3.1125 0.425394 12.296
126 3.1375 0.257626 12.36
127 3.1625 0.348657 12.448
128 3.1875 0.218406 12.504
129 3.2125 0.168944 12.548
130 3.2375 0.302446 12.628
131 3.2625 0.31272 12.712
132 3.2875 0.322647 12.8
133 3.3125 0.317795 12.888
134 3.3375 0.298823 12.972
135 3.3625 0.280377 13.052
136 3.3875 0.262441 13.128
137 3.4125 0.244999 13.2
138 3.4375 0.308517 13.292
139 3.4625 0.158649 13.34
140 3.4875 0.312766 13.436
141 3.5125 0.256942 13.516
142 3.5375 0.265989 13.6
143 3.5625 0.324714 13.704
144 3.5875 0.406413 13.836
145 3.6125 0.267205 13.924
146 3.6375 0.33542 14.036
147 3.6625 0.354489 14.156
148 3.6875 0.338042 14.272
149 3.7125 0.460007 14.432
150 3.7375 0.363099 14.56
151 3.7625 0.403076 14.704
152 3.7875 0.43092 14.86
153 3.8125 0.458002 15.028
154 3.8375 0.591975 15.248
155 3.8625 0.563088 15.46
156 3.8875 0.650262 15.708
157 3.9125 0.641978 15.956
158 3.9375 0.552065 16.172
159 3.9625 0.696543 16.448
160 3.9875 0.887209 16.804
161 4.0125 0.954947 17.192
162 4.0375 0.972327 17.592
163 4.0625 0.960397 17.992
164 4.0875 1.19534 18.496
165 4.1125 1.36829 19.08
166 4.1375 1.37032 19.672
167 4.1625 1.50943 20.332
168 4.1875 1.3378 20.924
169 4.2125 1.50954 21.6
170 4.2375 1.50061 22.28
171 4.2625 1.66626 23.044
172 4.2875 1.54341 23.76
173 4.3125 1.57671 24.5
174 4.3375 1.86188 25.384
175 4.3625 1.6657 26.184
176 4.3875 1.57267 26.948
177 4.4125 1.47349 27.672
178 4.4375 1.37644 28.356
179 4.4625 1.6874 29.204
180 4.4875 1.58994 30.012
181 4.5125 1.24544 30.652
182 4.5375 1.33184 31.344
183 4.5625 1.30205 32.028
184 4.5875 1.21258 32.672
185 4.6125 1.13987 33.284
186 4.6375 1.14236 33.904
187 4.6625 1.08639 34.5
188 4.6875 1.11812 35.12
189 4.7125 1.15625 35.768
190 4.7375 1.12289 36.404
191 4.7625 1.36271 37.184
192 4.7875 1.00966 37.768
193 4.8125 1.17713 38.456
194 4.8375 1.47656 39.328
195 4.8625 1.34746 40.132
196 4.8875 1.16782 40.836
197 4.9125 1.3333 41.648
198 4.9375 1.11178 42.332
199 4.9625 1.45461 43.236
200 4.9875 1.22341 44.004
